<?xml version="1.0"?>
<opencv_storage>
<Camera><Calibrated>1</Calibrated>
  <Matrix type_id="opencv-matrix">
    <rows>3</rows>
    <cols>3</cols>
    <dt>d</dt>
    <data>
      1.8363338659215067e+03 0. 5.0178737931854408e+02 0.
      3.7925781579286768e+03 7.9103697551617074e+02 0. 0. 1.</data></Matrix>
  <Distortion type_id="opencv-matrix">
    <rows>1</rows>
    <cols>5</cols>
    <dt>d</dt>
    <data>
      4.0144025246886406e-01 -6.7810345221571886e+00
      -4.8723881532305155e-02 1.8336553349183167e-02
      7.6098205227186753e+01</data></Distortion>
  <Translation type_id="opencv-matrix">
    <rows>3</rows>
    <cols>1</cols>
    <dt>d</dt>
    <data>
      -5.3382849933628250e+01 -4.8733627820556812e+01
      5.2648703299035299e+02</data></Translation>
  <Rotation type_id="opencv-matrix">
    <rows>3</rows>
    <cols>3</cols>
    <dt>d</dt>
    <data>
      9.9790037307957213e-01 5.2417295720525767e-02
      3.8043035065537106e-02 -5.7913578100980911e-02
      9.8512746969691956e-01 1.6177109111360544e-01
      -2.8997635751769810e-02 -1.6363464045822268e-01
      9.8609474269104380e-01</data></Rotation>
  <Height>1140</Height>
  <Width>912</Width>
  <total_err>1.9616063345049173e-01</total_err>
  <err_of_extrImg>2.1784162643244473e-01</err_of_extrImg></Camera>
<BoardSquare><Height>11.</Height>
  <Width>11.</Width></BoardSquare>
<NumOfCorners_for_each_img><numOfCornersX>7</numOfCornersX>
  <numOfCornersY>9</numOfCornersY></NumOfCorners_for_each_img>
<ExtractedFeatures><CameraImages><NumberOfImgs>3</NumberOfImgs>
    <Image1><BoardCorners>
        2.78500000e+02 2.67500000e+02 3.43500000e+02 2.67500000e+02
        4.09500000e+02 2.67500000e+02 4.74500000e+02 2.67500000e+02
        5.40500000e+02 2.67500000e+02 6.06500000e+02 2.67500000e+02
        6.71500000e+02 2.67500000e+02 2.78500000e+02 3.43500000e+02
        3.43500000e+02 3.43500000e+02 4.09500000e+02 3.43500000e+02
        4.74500000e+02 3.43500000e+02 5.40500000e+02 3.43500000e+02
        6.06500000e+02 3.43500000e+02 6.71500000e+02 3.43500000e+02
        2.78500000e+02 4.20500000e+02 3.43500000e+02 4.20500000e+02
        4.09500000e+02 4.20500000e+02 4.74500000e+02 4.20500000e+02
        5.40500000e+02 4.20500000e+02 6.06500000e+02 4.20500000e+02
        6.71500000e+02 4.20500000e+02 2.78500000e+02 4.97500000e+02
        3.43500000e+02 4.97500000e+02 4.09500000e+02 4.97500000e+02
        4.74500000e+02 4.97500000e+02 5.40500000e+02 4.97500000e+02
        6.06500000e+02 4.97500000e+02 6.71500000e+02 4.97500000e+02
        2.78500000e+02 5.73500000e+02 3.43500000e+02 5.73500000e+02
        4.09500000e+02 5.73500000e+02 4.74500000e+02 5.73500000e+02
        5.40500000e+02 5.73500000e+02 6.06500000e+02 5.73500000e+02
        6.71500000e+02 5.73500000e+02 2.78500000e+02 6.50500000e+02
        3.43500000e+02 6.50500000e+02 4.09500000e+02 6.50500000e+02
        4.74500000e+02 6.50500000e+02 5.40500000e+02 6.50500000e+02
        6.06500000e+02 6.50500000e+02 6.71500000e+02 6.50500000e+02
        2.78500000e+02 7.26500000e+02 3.43500000e+02 7.26500000e+02
        4.09500000e+02 7.26500000e+02 4.74500000e+02 7.26500000e+02
        5.40500000e+02 7.26500000e+02 6.06500000e+02 7.26500000e+02
        6.71500000e+02 7.26500000e+02 2.78500000e+02 8.03500000e+02
        3.43500000e+02 8.03500000e+02 4.09500000e+02 8.03500000e+02
        4.74500000e+02 8.03500000e+02 5.40500000e+02 8.03500000e+02
        6.06500000e+02 8.03500000e+02 6.71500000e+02 8.03500000e+02
        2.78500000e+02 8.80500000e+02 3.43500000e+02 8.80500000e+02
        4.09500000e+02 8.80500000e+02 4.74500000e+02 8.80500000e+02
        5.40500000e+02 8.80500000e+02 6.06500000e+02 8.80500000e+02
        6.71500000e+02 8.80500000e+02</BoardCorners>
      <ObjBoardCorners>
        6.71789408e+00 -1.11026316e+01 0. 2.46013508e+01 -1.04189262e+01
        0. 4.26570892e+01 -9.67119312e+00 0. 6.05222397e+01
        -8.95401955e+00 0. 7.88402710e+01 -8.22408009e+00 0.
        9.70677338e+01 -7.42218542e+00 0. 1.14592484e+02 -6.56091309e+00
        0. 6.30167198e+00 -7.95570016e-01 0. 2.40256748e+01
        -2.41106763e-01 0. 4.23126793e+01 5.33820152e-01 0.
        6.02473412e+01 1.28813183e+00 0. 7.84053268e+01 2.02804112e+00
        0. 9.68770752e+01 2.67887354e+00 0. 1.14141121e+02
        3.76924396e+00 0. 5.56186676e+00 9.58285713e+00 0.
        2.35008259e+01 1.02779522e+01 0. 4.17890015e+01 1.10460434e+01
        0. 5.99828987e+01 1.17977762e+01 0. 7.81583405e+01
        1.26169891e+01 0. 9.63854752e+01 1.32534208e+01 0.
        1.14023140e+02 1.40450296e+01 0. 4.93515301e+00 1.99594860e+01
        0. 2.30571041e+01 2.07887325e+01 0. 4.14107208e+01
        2.15458965e+01 0. 5.94848022e+01 2.23368416e+01 0.
        7.75684128e+01 2.28497753e+01 0. 9.59272537e+01 2.40321827e+01
        0. 1.13820114e+02 2.47080078e+01 0. 4.46042490e+00
        3.03964214e+01 0. 2.25728951e+01 3.12232170e+01 0.
        4.08554726e+01 3.19377270e+01 0. 5.90226402e+01 3.26879959e+01
        0. 7.71466904e+01 3.33358765e+01 0. 9.55447464e+01
        3.41501427e+01 0. 1.13318596e+02 3.49465637e+01 0.
        3.98972845e+00 4.09369926e+01 0. 2.20032272e+01 4.18149719e+01
        0. 4.04530144e+01 4.24128151e+01 0. 5.85506783e+01
        4.32393303e+01 0. 7.69984665e+01 4.40676270e+01 0.
        9.48618088e+01 4.47867622e+01 0. 1.13027649e+02 4.55895119e+01
        0. 3.56940961e+00 5.13418503e+01 0. 2.15481911e+01
        5.22289734e+01 0. 3.99916458e+01 5.29390030e+01 0.
        5.81400146e+01 5.38764801e+01 0. 7.66131439e+01 5.46305885e+01
        0. 9.39651871e+01 5.46408501e+01 0. 1.12510002e+02
        5.57907982e+01 0. 2.93715692e+00 6.19449348e+01 0.
        2.09878082e+01 6.26824036e+01 0. 3.95598717e+01 6.34635506e+01
        0. 5.74210510e+01 6.43500366e+01 0. 7.60406647e+01
        6.52629547e+01 0. 9.38712463e+01 6.59472885e+01 0.
        1.11760513e+02 6.63498230e+01 0. 2.34013915e+00 7.25960312e+01
        0. 2.05168896e+01 7.34774246e+01 0. 3.88410454e+01
        7.41515045e+01 0. 5.69050636e+01 7.49769135e+01 0.
        7.54397049e+01 7.55646744e+01 0. 9.34899673e+01 7.62680740e+01
        0. 1.11682800e+02 7.70244370e+01 0.</ObjBoardCorners></Image1>
    <Image2><BoardCorners>
        2.78500000e+02 2.67500000e+02 3.43500000e+02 2.67500000e+02
        4.09500000e+02 2.67500000e+02 4.74500000e+02 2.67500000e+02
        5.40500000e+02 2.67500000e+02 6.06500000e+02 2.67500000e+02
        6.71500000e+02 2.67500000e+02 2.78500000e+02 3.43500000e+02
        3.43500000e+02 3.43500000e+02 4.09500000e+02 3.43500000e+02
        4.74500000e+02 3.43500000e+02 5.40500000e+02 3.43500000e+02
        6.06500000e+02 3.43500000e+02 6.71500000e+02 3.43500000e+02
        2.78500000e+02 4.20500000e+02 3.43500000e+02 4.20500000e+02
        4.09500000e+02 4.20500000e+02 4.74500000e+02 4.20500000e+02
        5.40500000e+02 4.20500000e+02 6.06500000e+02 4.20500000e+02
        6.71500000e+02 4.20500000e+02 2.78500000e+02 4.97500000e+02
        3.43500000e+02 4.97500000e+02 4.09500000e+02 4.97500000e+02
        4.74500000e+02 4.97500000e+02 5.40500000e+02 4.97500000e+02
        6.06500000e+02 4.97500000e+02 6.71500000e+02 4.97500000e+02
        2.78500000e+02 5.73500000e+02 3.43500000e+02 5.73500000e+02
        4.09500000e+02 5.73500000e+02 4.74500000e+02 5.73500000e+02
        5.40500000e+02 5.73500000e+02 6.06500000e+02 5.73500000e+02
        6.71500000e+02 5.73500000e+02 2.78500000e+02 6.50500000e+02
        3.43500000e+02 6.50500000e+02 4.09500000e+02 6.50500000e+02
        4.74500000e+02 6.50500000e+02 5.40500000e+02 6.50500000e+02
        6.06500000e+02 6.50500000e+02 6.71500000e+02 6.50500000e+02
        2.78500000e+02 7.26500000e+02 3.43500000e+02 7.26500000e+02
        4.09500000e+02 7.26500000e+02 4.74500000e+02 7.26500000e+02
        5.40500000e+02 7.26500000e+02 6.06500000e+02 7.26500000e+02
        6.71500000e+02 7.26500000e+02 2.78500000e+02 8.03500000e+02
        3.43500000e+02 8.03500000e+02 4.09500000e+02 8.03500000e+02
