<?xml version="1.0"?>
<opencv_storage>
<Camera><Calibrated>1</Calibrated>
  <Matrix type_id="opencv-matrix">
    <rows>3</rows>
    <cols>3</cols>
    <dt>d</dt>
    <data>
      2.2829213314645381e+03 0. 5.8651397767362857e+02 0.
      2.2844593788313719e+03 5.1018968021494231e+02 0. 0. 1.</data></Matrix>
  <Distortion type_id="opencv-matrix">
    <rows>1</rows>
    <cols>5</cols>
    <dt>d</dt>
    <data>
      -1.2319656393531134e-01 7.2632299100893793e-01
      1.2562664721638031e-03 -3.8971339686145194e-03
      -8.8385419064354576e+00</data></Distortion>
  <Translation type_id="opencv-matrix">
    <rows>3</rows>
    <cols>1</cols>
    <dt>d</dt>
    <data>
      -2.4456408287066008e+01 -3.3321651260850331e+01
      3.2895623891316609e+02</data></Translation>
  <Rotation type_id="opencv-matrix">
    <rows>3</rows>
    <cols>3</cols>
    <dt>d</dt>
    <data>
      9.6503542512849194e-01 6.1677482172148759e-02
      -2.5475972295473831e-01 -5.0375338473480927e-02
      9.9744472673582107e-01 5.0659079942153781e-02
      2.5723326674587205e-01 -3.6054199475339457e-02
      9.6567651994828962e-01</data></Rotation>
  <Height>960</Height>
  <Width>1280</Width>
  <total_err>5.8282529320460824e-02</total_err>
  <err_of_extrImg>6.5668087355228499e-02</err_of_extrImg></Camera>
<BoardSquare><Height>11.</Height>
  <Width>11.</Width></BoardSquare>
<NumOfCorners_for_each_img><numOfCornersX>10</numOfCornersX>
  <numOfCornersY>7</numOfCornersY></NumOfCorners_for_each_img>
<ExtractedFeatures><CameraImages><NumberOfImgs>4</NumberOfImgs>
    <Image1><BoardCorners>
        4.71335144e+02 1.80541656e+02 5.44241821e+02 1.84872833e+02
        6.16326538e+02 1.88215576e+02 6.87104492e+02 1.92530045e+02
        7.56991943e+02 1.96721146e+02 8.24954346e+02 2.00340698e+02
        8.92616638e+02 2.04429153e+02 9.58314758e+02 2.08238861e+02
        1.02310681e+03 2.12328659e+02 1.08630298e+03 2.16161575e+02
        4.70940521e+02 2.55631912e+02 5.44586365e+02 2.58784637e+02
        6.16553894e+02 2.61984192e+02 6.87434387e+02 2.66100037e+02
        7.57819641e+02 2.68683777e+02 8.26147034e+02 2.72188934e+02
        8.93397949e+02 2.75394379e+02 9.58896301e+02 2.78962280e+02
        1.02356848e+03 2.82109741e+02 1.08714600e+03 2.85985962e+02
        4.70117554e+02 3.30220398e+02 5.44374939e+02 3.33234406e+02
        6.14965942e+02 3.34886566e+02 6.88069946e+02 3.38686829e+02
        7.58192261e+02 3.41630737e+02 8.26556641e+02 3.43754578e+02
        8.93590454e+02 3.46677979e+02 9.59368896e+02 3.49156494e+02
        1.02433118e+03 3.51885040e+02 1.08840320e+03 3.54898590e+02
        4.69642029e+02 4.06335693e+02 5.43709595e+02 4.07852936e+02
        6.16631165e+02 4.09565857e+02 6.87392639e+02 4.12091553e+02
        7.57859314e+02 4.14374176e+02 8.26370361e+02 4.16349243e+02
        8.93811829e+02 4.18203552e+02 9.60164612e+02 4.20614746e+02
        1.02493347e+03 4.22533539e+02 1.08940845e+03 4.24401672e+02
        4.69338654e+02 4.81534424e+02 5.44099304e+02 4.82891937e+02
        6.16897827e+02 4.85130341e+02 6.87719299e+02 4.86028870e+02
        7.57801086e+02 4.87356903e+02 8.26805908e+02 4.88561737e+02
        8.94465515e+02 4.89774323e+02 9.60968567e+02 4.91543915e+02
        1.02651355e+03 4.92544312e+02 1.08986304e+03 4.93846436e+02
        4.68731506e+02 5.58001587e+02 5.43343750e+02 5.58265320e+02
        6.15530029e+02 5.59124084e+02 6.87190430e+02 5.60197205e+02
        7.58367065e+02 5.60894653e+02 8.26979431e+02 5.61403687e+02
        8.95210388e+02 5.61964050e+02 9.61230774e+02 5.62947693e+02
        1.02719373e+03 5.62970215e+02 1.09084509e+03 5.64478699e+02
        4.68758240e+02 6.34011597e+02 5.42988892e+02 6.34428894e+02
        6.15415466e+02 6.34507263e+02 6.87404053e+02 6.34934448e+02
        7.57695862e+02 6.35034668e+02 8.26692993e+02 6.34700256e+02
        8.94623474e+02 6.35180542e+02 9.60841553e+02 6.34789673e+02
        1.02691797e+03 6.34675171e+02 1.09007861e+03 6.35095398e+02</BoardCorners>
      <ObjBoardCorners>
        0. 0. 0. 11. 0. 0. 22. 0. 0. 33. 0. 0. 44. 0. 0. 55. 0. 0. 66.
        0. 0. 77. 0. 0. 88. 0. 0. 99. 0. 0. 0. 11. 0. 11. 11. 0. 22. 11.
        0. 33. 11. 0. 44. 11. 0. 55. 11. 0. 66. 11. 0. 77. 11. 0. 88.
        11. 0. 99. 11. 0. 0. 22. 0. 11. 22. 0. 22. 22. 0. 33. 22. 0. 44.
        22. 0. 55. 22. 0. 66. 22. 0. 77. 22. 0. 88. 22. 0. 99. 22. 0. 0.
        33. 0. 11. 33. 0. 22. 33. 0. 33. 33. 0. 44. 33. 0. 55. 33. 0.
        66. 33. 0. 77. 33. 0. 88. 33. 0. 99. 33. 0. 0. 44. 0. 11. 44. 0.
        22. 44. 0. 33. 44. 0. 44. 44. 0. 55. 44. 0. 66. 44. 0. 77. 44.
        0. 88. 44. 0. 99. 44. 0. 0. 55. 0. 11. 55. 0. 22. 55. 0. 33. 55.
        0. 44. 55. 0. 55. 55. 0. 66. 55. 0. 77. 55. 0. 88. 55. 0. 99.
        55. 0. 0. 66. 0. 11. 66. 0. 22. 66. 0. 33. 66. 0. 44. 66. 0. 55.
        66. 0. 66. 66. 0. 77. 66. 0. 88. 66. 0. 99. 66. 0.</ObjBoardCorners></Image1>
    <Image2><BoardCorners>
        3.28597870e+02 2.62616211e+02 4.11420471e+02 2.68840149e+02
        4.93169250e+02 2.74648346e+02 5.75529663e+02 2.82028259e+02
        6.58422058e+02 2.88299194e+02 7.40471619e+02 2.94803040e+02
        8.23348206e+02 3.01247528e+02 9.05225830e+02 3.07689667e+02
        9.87439941e+02 3.14501953e+02 1.06897961e+03 3.21192749e+02
        3.21393433e+02 3.45365753e+02 4.04468964e+02 3.51532318e+02
        4.86206757e+02 3.57861908e+02 5.69315247e+02 3.64582458e+02
        6.52434509e+02 3.70628998e+02 7.34888000e+02 3.77520996e+02
        8.17242615e+02 3.83725464e+02 8.99532593e+02 3.90541931e+02
        9.81793823e+02 3.96839142e+02 1.06296533e+03 4.03726624e+02
        3.14385406e+02 4.27396545e+02 3.97474335e+02 4.34186340e+02
        4.79900024e+02 4.39805023e+02 5.62718567e+02 4.46938446e+02
        6.46031067e+02 4.53326294e+02 7.28581238e+02 4.60092987e+02
        8.11193604e+02 4.66420502e+02 8.93561157e+02 4.72614349e+02
        9.75715149e+02 4.79146576e+02 1.05758740e+03 4.86500275e+02
        3.07702911e+02 5.10642853e+02 3.90749725e+02 5.16923096e+02
        4.73505402e+02 5.23402588e+02 5.55728638e+02 5.29820129e+02
        6.39855164e+02 5.36735352e+02 7.22488953e+02 5.43182861e+02
        8.05531616e+02 5.48920898e+02 8.87440125e+02 5.55839966e+02
        9.70134277e+02 5.61911499e+02 1.05260437e+03 5.67888672e+02
        3.00540771e+02 5.93216858e+02 3.84145233e+02 6.00119263e+02
        4.68167206e+02 6.07221375e+02 5.49464539e+02 6.13265320e+02
        6.33632690e+02 6.19309143e+02 7.16246277e+02 6.25888062e+02
        7.99187866e+02 6.31830933e+02 8.81690613e+02 6.38268860e+02
        9.64388916e+02 6.44582092e+02 1.04647754e+03 6.50642090e+02
        2.93618347e+02 6.76911072e+02 3.77470978e+02 6.82937439e+02
        4.60168579e+02 6.89579956e+02 5.43055237e+02 6.95948181e+02
        6.26743408e+02 7.02805603e+02 7.09447266e+02 7.08913147e+02
        7.93002686e+02 7.15197266e+02 8.75919373e+02 7.21498413e+02
        9.58176086e+02 7.27885986e+02 1.04034839e+03 7.33757751e+02
        2.87434204e+02 7.60335327e+02 3.70599243e+02 7.66960205e+02
        4.53517456e+02 7.73351379e+02 5.36763062e+02 7.80050842e+02
        6.20055115e+02 7.85887329e+02 7.03230835e+02 7.92432007e+02
        7.86255371e+02 7.98648743e+02 8.68882690e+02 8.04791138e+02
        9.51564697e+02 8.10808655e+02 1.03353210e+03 8.16877747e+02</BoardCorners>
      <ObjBoardCorners>
        0. 0. 0. 11. 0. 0. 22. 0. 0. 33. 0. 0. 44. 0. 0. 55. 0. 0. 66.
        0. 0. 77. 0. 0. 88. 0. 0. 99. 0. 0. 0. 11. 0. 11. 11. 0. 22. 11.
        0. 33. 11. 0. 44. 11. 0. 55. 11. 0. 66. 11. 0. 77. 11. 0. 88.
        11. 0. 99. 11. 0. 0. 22. 0. 11. 22. 0. 22. 22. 0. 33. 22. 0. 44.
        22. 0. 55. 22. 0. 66. 22. 0. 77. 22. 0. 88. 22. 0. 99. 22. 0. 0.
        33. 0. 11. 33. 0. 22. 33. 0. 33. 33. 0. 44. 33. 0. 55. 33. 0.
        66. 33. 0. 77. 33. 0. 88. 33. 0. 99. 33. 0. 0. 44. 0. 11. 44. 0.
        22. 44. 0. 33. 44. 0. 44. 44. 0. 55. 44. 0. 66. 44. 0. 77. 44.
        0. 88. 44. 0. 99. 44. 0. 0. 55. 0. 11. 55. 0. 22. 55. 0. 33. 55.
