<?xml version="1.0"?>
<opencv_storage>
<Camera><Calibrated>1</Calibrated>
  <Matrix type_id="opencv-matrix">
    <rows>3</rows>
    <cols>3</cols>
    <dt>d</dt>
    <data>
      1.4544004770170181e+03 0. 3.7685485502550461e+02 0.
      1.4472569108508917e+03 2.2282526329142991e+02 0. 0. 1.</data></Matrix>
  <Distortion type_id="opencv-matrix">
    <rows>1</rows>
    <cols>5</cols>
    <dt>d</dt>
    <data>
      6.0927228083023011e-01 -1.1700992981045644e+02
      -9.6203592743883785e-03 5.1290207465947979e-03
      5.0719634064751808e+03</data></Distortion>
  <Translation type_id="opencv-matrix">
    <rows>3</rows>
    <cols>1</cols>
    <dt>d</dt>
    <data>
      -5.7273407746723620e+01 -2.4864482431529296e+01
      5.4020988473045327e+02</data></Translation>
  <Rotation type_id="opencv-matrix">
    <rows>3</rows>
    <cols>3</cols>
    <dt>d</dt>
    <data>
      7.6980881939576784e-01 -1.5815928443094013e-02
      -6.3807855158121163e-01 -3.1170215509381616e-01
      8.6306379958708279e-01 -3.9744514634371647e-01
      5.5698846315733019e-01 5.0484723852843894e-01
      6.5946426564283589e-01</data></Rotation>
  <Height>480</Height>
  <Width>640</Width>
  <total_err>3.7847445837376571e-02</total_err>
  <err_of_extrImg>3.8930820139896606e-02</err_of_extrImg></Camera>
<BoardSquare><Height>20.</Height>
  <Width>20.</Width></BoardSquare>
<NumOfCorners_for_each_img><numOfCornersX>6</numOfCornersX>
  <numOfCornersY>4</numOfCornersY></NumOfCorners_for_each_img>
<ExtractedFeatures><CameraImages><NumberOfImgs>4</NumberOfImgs>
    <Image1><BoardCorners>
        2.22971283e+02 1.56092087e+02 2.66491760e+02 1.41238953e+02
        3.08511688e+02 1.26627174e+02 3.48807220e+02 1.12722191e+02
        3.87640350e+02 9.92459183e+01 4.24735901e+02 8.61740875e+01
        2.24635391e+02 2.02459747e+02 2.67473755e+02 1.87052200e+02
        3.08658661e+02 1.72040314e+02 3.48509552e+02 1.57360214e+02
        3.86907104e+02 1.43646240e+02 4.23483643e+02 1.29865158e+02
        2.27108566e+02 2.47492828e+02 2.68787811e+02 2.31468430e+02
        3.09243286e+02 2.15679001e+02 3.48297760e+02 2.00769852e+02
        3.85797516e+02 1.86213333e+02 4.22105682e+02 1.72346069e+02
        2.28853043e+02 2.90736969e+02 2.70001678e+02 2.74240601e+02
        3.09517731e+02 2.58187225e+02 3.47777710e+02 2.42574142e+02
        3.84521667e+02 2.27359802e+02 4.20588470e+02 2.12895279e+02</BoardCorners>
      <ObjBoardCorners>
        0. 0. 0. 20. 0. 0. 40. 0. 0. 60. 0. 0. 80. 0. 0. 100. 0. 0. 0.
        20. 0. 20. 20. 0. 40. 20. 0. 60. 20. 0. 80. 20. 0. 100. 20. 0.
        0. 40. 0. 20. 40. 0. 40. 40. 0. 60. 40. 0. 80. 40. 0. 100. 40.
        0. 0. 60. 0. 20. 60. 0. 40. 60. 0. 60. 60. 0. 80. 60. 0. 100.
        60. 0.</ObjBoardCorners></Image1>
    <Image2><BoardCorners>
        2.37803940e+02 2.13312271e+02 2.87627075e+02 2.07697250e+02
        3.37415680e+02 2.02432861e+02 3.87283325e+02 1.97070160e+02
        4.36815338e+02 1.91723831e+02 4.86447815e+02 1.86676010e+02
        2.41471436e+02 2.57662048e+02 2.92233490e+02 2.52281311e+02
        3.42711182e+02 2.46646194e+02 3.93289429e+02 2.41100433e+02
        4.43839661e+02 2.35328873e+02 4.94056091e+02 2.30273758e+02
        2.45564407e+02 3.03260712e+02 2.96970245e+02 2.97774811e+02
        3.48326050e+02 2.92296326e+02 3.99573059e+02 2.86421906e+02
        4.50857544e+02 2.80765137e+02 5.02078308e+02 2.75045288e+02
        2.49524796e+02 3.50561554e+02 3.01858063e+02 3.44726746e+02
        3.54087097e+02 3.38823090e+02 4.06202515e+02 3.33058289e+02
        4.58299438e+02 3.27540100e+02 5.10105804e+02 3.21601288e+02</BoardCorners>
      <ObjBoardCorners>
        0. 0. 0. 20. 0. 0. 40. 0. 0. 60. 0. 0. 80. 0. 0. 100. 0. 0. 0.
        20. 0. 20. 20. 0. 40. 20. 0. 60. 20. 0. 80. 20. 0. 100. 20. 0.
        0. 40. 0. 20. 40. 0. 40. 40. 0. 60. 40. 0. 80. 40. 0. 100. 40.
        0. 0. 60. 0. 20. 60. 0. 40. 60. 0. 60. 60. 0. 80. 60. 0. 100.
        60. 0.</ObjBoardCorners></Image2>
    <Image3><BoardCorners>
        2.79528351e+02 1.82246033e+02 3.07415009e+02 1.76739212e+02
        3.37274261e+02 1.70758591e+02 3.68699371e+02 1.64571304e+02
        4.02356628e+02 1.57787964e+02 4.37989258e+02 1.50774902e+02
        2.95518524e+02 2.27359512e+02 3.23845306e+02 2.23093521e+02
        3.53898468e+02 2.18382370e+02 3.85481903e+02 2.13573868e+02
        4.18705139e+02 2.08605103e+02 4.54727264e+02 2.02934250e+02
        3.10697388e+02 2.72432526e+02 3.39723450e+02 2.69138672e+02
        3.69993256e+02 2.65669403e+02 4.01817352e+02 2.62321045e+02
        4.35595154e+02 2.58517273e+02 4.71547211e+02 2.54633545e+02
        3.26181152e+02 3.16642426e+02 3.55021729e+02 3.14764923e+02
        3.85540924e+02 3.12537872e+02 4.17896027e+02 3.10333282e+02
        4.52411194e+02 3.07674774e+02 4.88233887e+02 3.05312653e+02</BoardCorners>
      <ObjBoardCorners>
        0. 0. 0. 20. 0. 0. 40. 0. 0. 60. 0. 0. 80. 0. 0. 100. 0. 0. 0.
        20. 0. 20. 20. 0. 40. 20. 0. 60. 20. 0. 80. 20. 0. 100. 20. 0.
        0. 40. 0. 20. 40. 0. 40. 40. 0. 60. 40. 0. 80. 40. 0. 100. 40.
        0. 0. 60. 0. 20. 60. 0. 40. 60. 0. 60. 60. 0. 80. 60. 0. 100.
        60. 0.</ObjBoardCorners></Image3>
    <Image4><BoardCorners>
        2.27617416e+02 2.28532959e+02 2.69005188e+02 2.25248245e+02
        3.12172607e+02 2.21825867e+02 3.56759491e+02 2.18364944e+02
        4.03272614e+02 2.14611023e+02 4.51437439e+02 2.10694443e+02
        2.43417953e+02 2.70975006e+02 2.84502625e+02 2.68725922e+02
        3.27339691e+02 2.66069794e+02 3.71574310e+02 2.63383331e+02
        4.17319489e+02 2.60699738e+02 4.64968964e+02 2.57586395e+02
        2.58349091e+02 3.12733704e+02 2.99394348e+02 3.11083771e+02
        3.41919403e+02 3.09360382e+02 3.85737976e+02 3.07363617e+02
        4.31273041e+02 3.05395233e+02 4.78254608e+02 3.03078857e+02
        2.73340576e+02 3.53394897e+02 3.13894409e+02 3.52454803e+02
        3.55967621e+02 3.51121490e+02 3.99535187e+02 3.49699768e+02
        4.44673492e+02 3.47941132e+02 4.91180176e+02 3.46870819e+02</BoardCorners>
      <ObjBoardCorners>
        0. 0. 0. 20. 0. 0. 40. 0. 0. 60. 0. 0. 80. 0. 0. 100. 0. 0. 0.
        20. 0. 20. 20. 0. 40. 20. 0. 60. 20. 0. 80. 20. 0. 100. 20. 0.
        0. 40. 0. 20. 40. 0. 40. 40. 0. 60. 40. 0. 80. 40. 0. 100. 40.
        0. 0. 60. 0. 20. 60. 0. 40. 60. 0. 60. 60. 0. 80. 60. 0. 100.
        60. 0.</ObjBoardCorners></Image4></CameraImages></ExtractedFeatures>
</opencv_storage>
